%YAML:1.0
---
K: !!opencv-matrix
   rows: 3
   cols: 3
   dt: d
   data: [ 7.5276123729664766e+02, 0., 3.4061182814330510e+02, 0.,
       7.5252866127243635e+02, 2.6005141298724419e+02, 0., 0., 1. ]
D: !!opencv-matrix
   rows: 1
   cols: 5
   dt: d
   data: [ 1.8442293693527217e-01, -8.5537573639557163e-01,
       2.0082633727888918e-04, 1.4185014820465953e-03,
       -7.1440236121016631e-01 ]
