K: !!opencv-matrix
   rows: 3
   cols: 3
   dt: d
   data: [ 551.4281893072847, 0., 296.18252757526602, 
            0., 550.51299453467209, 229.66973664183743, 
            0., 0., 1. ]
D: !!opencv-matrix
   rows: 1
   cols: 5
   dt: d
   data: [ 0.081594405637746253, -0.55579465013021911, 
            0.00035796174018130742, -0.003981916689516308, 
            0.79020282692168653 ]
